     Energy            Kx            Ky  P.Density  Tot.Power
         eV             -             -  kW/mrad^2         kW
7.82304e+00    0.0000e+00    2.5253e-02  2.856e-11  2.265e-09
7.81556e+00    0.0000e+00    5.0505e-02  1.142e-10  9.061e-09
7.80314e+00    0.0000e+00    7.5758e-02  2.569e-10  2.039e-08
7.78581e+00    0.0000e+00    1.0101e-01  4.566e-10  3.624e-08
7.76365e+00    0.0000e+00    1.2626e-01  7.132e-10  5.663e-08
7.73672e+00    0.0000e+00    1.5152e-01  1.027e-09  8.155e-08
7.70515e+00    0.0000e+00    1.7677e-01  1.397e-09  1.110e-07
7.66904e+00    0.0000e+00    2.0202e-01  1.823e-09  1.450e-07
7.62851e+00    0.0000e+00    2.2727e-01  2.306e-09  1.835e-07
7.58373e+00    0.0000e+00    2.5253e-01  2.844e-09  2.265e-07
7.53483e+00    0.0000e+00    2.7778e-01  3.438e-09  2.741e-07
7.48200e+00    0.0000e+00    3.0303e-01  4.088e-09  3.262e-07
7.42541e+00    0.0000e+00    3.2828e-01  4.793e-09  3.828e-07
7.36525e+00    0.0000e+00    3.5354e-01  5.553e-09  4.440e-07
7.30170e+00    0.0000e+00    3.7879e-01  6.366e-09  5.097e-07
7.23498e+00    0.0000e+00    4.0404e-01  7.234e-09  5.799e-07
7.16528e+00    0.0000e+00    4.2929e-01  8.156e-09  6.547e-07
7.09280e+00    0.0000e+00    4.5455e-01  9.130e-09  7.339e-07
7.01776e+00    0.0000e+00    4.7980e-01  1.016e-08  8.177e-07
6.94037e+00    0.0000e+00    5.0505e-01  1.124e-08  9.061e-07
6.86083e+00    0.0000e+00    5.3030e-01  1.237e-08  9.990e-07
6.77934e+00    0.0000e+00    5.5556e-01  1.355e-08  1.096e-06
6.69610e+00    0.0000e+00    5.8081e-01  1.478e-08  1.198e-06
6.61133e+00    0.0000e+00    6.0606e-01  1.607e-08  1.305e-06
6.52520e+00    0.0000e+00    6.3131e-01  1.740e-08  1.416e-06
6.43791e+00    0.0000e+00    6.5657e-01  1.878e-08  1.531e-06
6.34963e+00    0.0000e+00    6.8182e-01  2.021e-08  1.651e-06
6.26055e+00    0.0000e+00    7.0707e-01  2.168e-08  1.776e-06
6.17083e+00    0.0000e+00    7.3232e-01  2.321e-08  1.905e-06
6.08063e+00    0.0000e+00    7.5758e-01  2.478e-08  2.039e-06
5.99010e+00    0.0000e+00    7.8283e-01  2.639e-08  2.177e-06
5.89939e+00    0.0000e+00    8.0808e-01  2.805e-08  2.320e-06
5.80864e+00    0.0000e+00    8.3333e-01  2.975e-08  2.467e-06
5.71797e+00    0.0000e+00    8.5859e-01  3.150e-08  2.619e-06
5.62751e+00    0.0000e+00    8.8384e-01  3.329e-08  2.775e-06
5.53736e+00    0.0000e+00    9.0909e-01  3.512e-08  2.936e-06
5.44764e+00    0.0000e+00    9.3434e-01  3.699e-08  3.101e-06
5.35844e+00    0.0000e+00    9.5960e-01  3.890e-08  3.271e-06
5.26985e+00    0.0000e+00    9.8485e-01  4.086e-08  3.445e-06
5.18195e+00    0.0000e+00    1.0101e+00  4.285e-08  3.624e-06
5.09482e+00    0.0000e+00    1.0354e+00  4.487e-08  3.808e-06
5.00852e+00    0.0000e+00    1.0606e+00  4.694e-08  3.996e-06
4.92313e+00    0.0000e+00    1.0859e+00  4.904e-08  4.188e-06
4.83869e+00    0.0000e+00    1.1111e+00  5.117e-08  4.385e-06
4.75525e+00    0.0000e+00    1.1364e+00  5.334e-08  4.587e-06
4.67286e+00    0.0000e+00    1.1616e+00  5.555e-08  4.793e-06
4.59156e+00    0.0000e+00    1.1869e+00  5.779e-08  5.004e-06
4.51138e+00    0.0000e+00    1.2121e+00  6.006e-08  5.219e-06
4.43235e+00    0.0000e+00    1.2374e+00  6.235e-08  5.439e-06
4.35450e+00    0.0000e+00    1.2626e+00  6.469e-08  5.663e-06
4.27785e+00    0.0000e+00    1.2879e+00  6.705e-08  5.892e-06
4.20240e+00    0.0000e+00    1.3131e+00  6.943e-08  6.125e-06
4.12818e+00    0.0000e+00    1.3384e+00  7.185e-08  6.363e-06
4.05520e+00    0.0000e+00    1.3636e+00  7.429e-08  6.605e-06
3.98346e+00    0.0000e+00    1.3889e+00  7.676e-08  6.852e-06
3.91296e+00    0.0000e+00    1.4141e+00  7.926e-08  7.104e-06
3.84372e+00    0.0000e+00    1.4394e+00  8.178e-08  7.360e-06
3.77572e+00    0.0000e+00    1.4646e+00  8.432e-08  7.620e-06
3.70896e+00    0.0000e+00    1.4899e+00  8.688e-08  7.885e-06
3.64344e+00    0.0000e+00    1.5152e+00  8.947e-08  8.155e-06
3.57915e+00    0.0000e+00    1.5404e+00  9.208e-08  8.429e-06
3.51608e+00    0.0000e+00    1.5657e+00  9.471e-08  8.708e-06
3.45422e+00    0.0000e+00    1.5909e+00  9.736e-08  8.991e-06
3.39357e+00    0.0000e+00    1.6162e+00  1.000e-07  9.278e-06
3.33410e+00    0.0000e+00    1.6414e+00  1.027e-07  9.571e-06
3.27580e+00    0.0000e+00    1.6667e+00  1.054e-07  9.867e-06
3.21867e+00    0.0000e+00    1.6919e+00  1.081e-07  1.017e-05
3.16267e+00    0.0000e+00    1.7172e+00  1.109e-07  1.047e-05
3.10781e+00    0.0000e+00    1.7424e+00  1.136e-07  1.078e-05
3.05406e+00    0.0000e+00    1.7677e+00  1.164e-07  1.110e-05
3.00139e+00    0.0000e+00    1.7929e+00  1.192e-07  1.142e-05
2.94981e+00    0.0000e+00    1.8182e+00  1.220e-07  1.174e-05
2.89928e+00    0.0000e+00    1.8434e+00  1.248e-07  1.207e-05
2.84980e+00    0.0000e+00    1.8687e+00  1.276e-07  1.240e-05
2.80133e+00    0.0000e+00    1.8939e+00  1.304e-07  1.274e-05
2.75387e+00    0.0000e+00    1.9192e+00  1.333e-07  1.308e-05
2.70739e+00    0.0000e+00    1.9444e+00  1.361e-07  1.343e-05
2.66188e+00    0.0000e+00    1.9697e+00  1.390e-07  1.378e-05
2.61731e+00    0.0000e+00    1.9949e+00  1.418e-07  1.414e-05
2.57367e+00    0.0000e+00    2.0202e+00  1.447e-07  1.450e-05
2.53094e+00    0.0000e+00    2.0455e+00  1.476e-07  1.486e-05
2.48910e+00    0.0000e+00    2.0707e+00  1.505e-07  1.523e-05
2.44814e+00    0.0000e+00    2.0960e+00  1.534e-07  1.561e-05
2.40803e+00    0.0000e+00    2.1212e+00  1.563e-07  1.598e-05
2.36875e+00    0.0000e+00    2.1465e+00  1.592e-07  1.637e-05
2.33029e+00    0.0000e+00    2.1717e+00  1.621e-07  1.675e-05
2.29263e+00    0.0000e+00    2.1970e+00  1.650e-07  1.715e-05
2.25576e+00    0.0000e+00    2.2222e+00  1.679e-07  1.754e-05
2.21965e+00    0.0000e+00    2.2475e+00  1.709e-07  1.794e-05
2.18429e+00    0.0000e+00    2.2727e+00  1.738e-07  1.835e-05
2.14966e+00    0.0000e+00    2.2980e+00  1.767e-07  1.876e-05
2.11575e+00    0.0000e+00    2.3232e+00  1.797e-07  1.917e-05
2.08254e+00    0.0000e+00    2.3485e+00  1.826e-07  1.959e-05
2.05001e+00    0.0000e+00    2.3737e+00  1.856e-07  2.002e-05
2.01815e+00    0.0000e+00    2.3990e+00  1.885e-07  2.044e-05
1.98694e+00    0.0000e+00    2.4242e+00  1.914e-07  2.088e-05
1.95638e+00    0.0000e+00    2.4495e+00  1.944e-07  2.131e-05
1.92643e+00    0.0000e+00    2.4747e+00  1.973e-07  2.176e-05
1.89710e+00    0.0000e+00    2.5000e+00  2.003e-07  2.220e-05
